26945 3083 3500 0
42219 3083 3473 0
38786 3104 3494 0 true
45071 3082 3496 0
43754 3093 3507 0
45099 3094 3507 0
45099 3094 3507 0
42397 3096 3507 0
42390 3097 3507 0
42392 3098 3507 0
43019 3099 3507 0
43035 3100 3507 0
43019 3100 3508 0
43035 3095 3510 0
42381 3094 3510 0
26982 3096 3511 0
43019 3099 3512 0
43019 3100 3512 0
43035 3100 3513 0
45099 3098 3513 0
45099 3098 3513 0
42391 3097 3513 0
42390 3096 3513 0
42382 3091 3507 0
42607 3091 3508 0
43019 3091 3510 0
43035 3092 3511 0
43035 3091 3511 0
3826 2588 3528 0
3835 2586 3532 0
3835 2580 3532 0
3836 2579 3532 0
3836 2585 3532 0 
48805 2577 3528 0
-1 3089 3505 0
-1 3091 3506 0
1394 2606 3088 0
1039 2608 3096 0
1870 2607 3094 0
1870 2607 3091 0
444 2601 3094 0
1088 2611 3095 0
591 2611 3096 0
1088 2611 3097 0
1088 2612 3097 0
1315 3806 3532 0
1316 3798 3529 0
1392 3814 3531 0
1393 3812 3531 0
1316 3813 3526 0
1316 3798 3529 0
1315 3794 3528 0
1393 3795 3526 0
1316 3815 3549 0
1316 3809 3548 0
1392 3809 3545 0
1316 3791 3547 0
1315 3796 3551 0
1391 3793 3551 0
1315 3801 3546 0
1391 3799 3548 0
1315 3789 3556 0
1315 3793 3554 0
1316 3814 3560 0
1316 3809 3560 0
1392 3812 3565 0
1391 3818 3560 0
1316 3806 3554 0
1315 3818 3553 0
1315 3820 3563 0
1391 3818 3560 0
1393 3817 3559 0
1393 3802 3555 0
1315 3804 3556 0
1315 3819 3549 0
1315 3804 3543 0
1391 3805 3527 0
1391 3801 3532 0
1393 3801 3534 0
1393 3804 3534 0
